2797
62719
3292
13172
65053
24180
64258
57288
48011
902
18098
31791
127
23664
322
10648
63038
57013
49296
62329
6541
27333
9409
35730
9827
29711
30782
54766
43374
23516
12510
17960
316
13694
26971
32349
59866
19443
45186
28947
20282
51034
18162
167
12062
39110
5518
23160
37041
51740
26522
57973
7660
10663
43826
56635
14820
34388
4182
64989
23418
25629
25828
5380
58490
65392
58951
2226
1983
24211
26662
56893
54361
17420
28688
10304
878
63664
11671
55283
57138
52234
57399
56337
27173
60717
41290
16582
23943
447
58540
20732
23761
8685
50971
42112
50300
39711
5195
45107
45676
51667
3417
10708
14768
41951
54498
20287
16755
50340
30904
41542
37000
53697
65240
58570
65297
17626
6049
20504
51771
6237
1645
3168
27227
40004
44378
24393
40685
12227
18274
31236
28423
35745
5007
44933
52252
41786
26245
57504
56634
59972
55258
13640
57863
9776
18222
45380
58800
17174
56141
35365
2747
51745
14588
39016
4263
50699
52443
11493
24901
53418
42378
41796
9534
28945
57385
64171
12785
48131
9976
23426
19197
42542
62387
11494
24199
51754
20164
37003
22931
16960
51051
32547
10603
48267
7850
21523
34923
33850
14795
20586
22006
8858
5328
54255
6282
48728
47215
10791
20901
2375
52945
44519
46590
788
5780
12840
33028
47455
32381
17512
50709
59904
24946
30340
65351
13093
20442
22510
57057
37234
32632
10060
45644
63649
54797
3677
3552
53508
2793
7230
39825
50091
31805
22534
64081
17282
41072
36175
475
38010
33254
41589
18581
65510
43578
10311
16886
18467
42636
29877
12242
55026
4700
62483
42062
41999
58868
53860
50779
7624
64380
14345
50302
53666
64092
23303
7316
27901
57307
24581
64611
31703
55849
41640
38646
21290
14041
38083
30248
58905
58074
22524
59100
55133
14807
13556
45236
40597
27375
26520
6601
61253
58428
48565
2934
30496
33782
32172
52175
10734
56156
63719
46336
19331
53488
58609
45428
14640
28584
8476
53109
32414
32945
53347
63981
17160
1514
32231
30798
58062
61981
31483
14787
65296
17607
58298
23651
9316
48187
32367
53253
42148
19978
64550
58574
7291
48026
29053
34792
48219
55480
6381
26765
49183
36590
47150
25800
3974
37244
47467
32869
25629
16061
574
9838
60253
44544
16024
60268
1033
51081
21354
32356
53242
37757
30316
45586
59513
53571
44180
37189
56119
64040
42624
51328
63227
37576
1738
52750
23144
30597
13992
4974
48839
52425
38880
21659
46761
44368
31638
28223
14671
38252
49764
36739
11430
50211
5938
15335
64218
41524
13040
57977
48243
53945
27392
27222
8628
32752
48655
936
49893
23766
51246
4722
56877
29555
33996
54764
53228
12196
40218
34655
17933
64674
35396
39325
38899
30974
24412
41480
50512
35324
14940
59533
44747
60074
43099
21757
4330
32021
6718
1591
14630
27376
31515
51054
33304
28945
39158
6030
63626
6150
4814
28639
7447
2379
45348
9409
54480
31841
7776
57422
46226
9976
19890
4102
46988
61121
36835
43590
27811
11076
1270
3160
40429
23832
37235
59772
39130
28990
41093
16931
23711
35584
64712
20807
36859
56542
44664
40499
999
47897
9497
52306
53422
10426
55920
9239
58862
39345
51761
40554
6674
52029
63299
13990
2370
49043
18610
58772
23165
50566
33621
1848
54539
59411
26381
51613
39331
18810
64388
58249
33131
2961
20133
47337
60964
7899
5161
15651
18682
26405
48933
52764
56206
37514
26611
42943
41353
46700
55891
12934
6645
20465
57696
30972
22705
37512
37312
20577
34783
28948
60095
19361
13115
33611
29086
16134
39769
43399
58251
60419
53713
39617
37794
1429
21237
35346
27374
5493
30013
34385
40523
63101
56764
41326
28399
38436
43167
2348
31288
57954
17541
41799
26349
50065
13174
3751
7183
33731
32808
47828
57963
40339
51900
9677
20604
19343
59611
21235
10073
31077
11619
60462
15416
36010
14902
28470
48958
26147
7618
16234
41174
51230
1777
19665
60904
33137
61625
3755
14583
18633
45288
23811
29591
29113
42525
61341
60841
42189
7578
21917
9603
15975
64719
51915
34583
9437
7731
52706
57251
46997
64990
60187
28379
64352
35658
61024
23706
56229
4376
32597
9838
31551
23361
47275
39821
22344
38977
44489
56005
22739
61565
823
55817
46499
34586
38976
46783
64078
42766
3360
24996
39136
5725
29688
14086
34154
53135
40273
22682
57728
62390
7817
5608
53029
41386
40216
13675
52185
53498
1445
15678
14031
53146
25663
19272
8056
54459
24052
1346
45377
17123
16867
2699
26894
26221
15217
23398
7589
35802
44816
62800
57215
51554
65367
58953
6426
63913
33168
64639
17506
44548
13030
59173
23335
19896
36624
22773
12591
4115
45414
27765
10403
13441
60058
40234
29828
55476
4207
1484
21017
10583
20851
26947
63733
18304
31452
49622
59642
57915
51434
26764
12472
43928
65161
4314
39744
34882
5896
9671
61427
10509
61185
12296
19416
56490
8173
50120
6414
45550
25736
30125
5466
28800
31819
40526
44732
4798
37671
18035
60674
7363
15150
41826
2484
52593
41901
19630
28790
20063
14630
11642
55889
56298
62334
49100
10691
37270
49516
28106
9653
8547
48511
42243
37632
33587
31166
3227
35507
60693
61852
58050
44135
61894
64140
52431
23421
10051
46825
50728
9273
34451
29093
7149
61116
44020
27026
44454
31885
2476
32508
37870
42903
51895
22507
41007
32065
12006
84
63458
55246
2895
5086
33736
12425
3131
11610
65212
14286
58268
12665
35596
46038
7522
61289
50436
16072
39293
63546
62581
34365
7569
36688
13046
25105
38300
25255
22924
23914
15545
53788
61219
59274
14151
3060
51041
36911
20432
6795
13955
1249
37465
46090
40614
16021
15837
19691
35422
45976
44074
55274
59929
8816
53696
52306
13906
3258
17595
35708
1911
61071
31536
53018
28148
34386
12560
51309
42733
62520
56071
17568
23941
56905
61413
53940
42286
52279
44364
44775
10380
3597
28886
5526
15866
5403
49043
11227
58434
20818
43289
43805
27591
42573
56470
55715
35219
43045
25287
51082
13873
37378
20342
21392
29629
58568
27971
64495
24238
52995
7931
18345
16952
23085
8363
7644
8875
20066
21197
44960
41182
40663
56758
26903
11496
17355
15315
31135
44878
26469
44114
60046
37845
46254
5776
23316
50223
54864
7945
3973
9441
38949
12710
53580
50640
55561
3685
16021
63389
41986
15587
65383
5807
3695
6322
20332
41637
